log(67) = 1.8260748027008264
76*77-6 = 5846.0
8/8 = 1.0
777*7 = 5439.0
sqrt9 = 3.0
cos(9) = -0.9111302618846769
sin(7) = 0.6569865987187891
tan(7) = 0.8714479827243189
9%5 = 4.0
6.-7 = -1.0
+5+5 = 10.0
-6-6 = -12.0
sqrt6 = 2.449489742783178
sin6 = -0.27941549819892586
cos5 = 0.28366218546322625
sin5 = -0.9589242746631385
tan7 = 0.8714479827243188
atan4 = 1.3258176636680326
acos5 = NaN
acos1 = 0.0
asin5 = NaN
asin1 = 1.5707963267948966
log6 = 0.7781512503836436
ln7 = 1.9459101490553132
sin6 = -0.27941549819892586
log(67) = 1.8260748027008264
9/9 = 1.0
1+9 = 10.0
